6363.5
1445.3
3533.0
8086.3
6740.8
-3518.8
3433.7
-537.9
-363.3
1490.9
530.5
5257.2
2757.9
452.8
1615.9
1219.5
5405.7
-722.0
1148.2
-3060.5
-9187.0
2379.4
3140.8
-2652.8
8211.4
-5219.5
192.0
-647.1
5557.3
5329.6
589.9
1395.9
-3169.0
-7110.2
-1219.8
599.9
4474.3
4374.7
-1358.0
-1050.3
-3740.8
-5079.6
-6111.1
7079.9
-1793.2
-1534.0
-4471.5
2852.2
-5771.9
-717.3
-3178.7
1447.5
-1789.3
-4204.2
-46.6
1600.9
296.9
1148.9
-2228.8
-1248.3
-2364.4
-1234.8
-2869.8
-6162.2
704.9
-1383.1
-5812.7
1737.1
-3203.4
257.4
2700.6
537.2
4182.5
-4379.7
1526.1
-2393.9
-3063.7
-2009.8
-1044.7
282.6
-4121.4
3331.0
1762.5
-5456.8
5452.7
6924.0
4338.5
-560.9
-3772.9
3893.1
-1363.2
4501.0
844.2
3616.5
1380.3
2644.4
134.9
6539.2
556.7
1549.9
6893.0
-4759.0
-4479.3
3600.4
-4126.1
7116.1
-1384.8
-2587.9
7044.5
5449.8
6846.8
3379.9
-2993.2
7003.1
-851.6
3010.2
3533.5
-441.1
2333.8
3446.2
1478.7
-3843.2
1198.7
4907.9
-2380.1
-413.7
-1442.5
6797.8
2553.8
1599.6
-2645.9
2076.9
-2299.1
248.8
-2158.3
2575.7
2216.6
-613.3
1567.3
-3802.4
-5237.6
1726.8
744.1
2434.4
8740.4
3552.5
-3145.3
4176.8
-4597.1
-1514.8
-95.1
6331.6
-2533.1
-2826.7
-200.1
-2237.0
4220.5
-3737.0
-3979.6
-1419.1
-1635.3
7121.3
3587.3
479.8
-4254.8
3211.4
-3440.5
-5403.6
4453.9
1313.1
3492.3
1321.6
3263.4
-2174.1
-3555.2
2634.3
-2720.7
-2309.0
-1464.0
243.0
-1095.8
-4777.1
-2138.4
-7835.2
2440.0
-5592.2
-3796.2
376.1
-2478.4
5755.2
-4472.0
1155.2
51.3
-4019.0
2082.3
-422.7
2980.6
3168.2
8001.2
5020.5
-1130.5
-661.4
4169.2
2567.4
2513.8
-5625.9
119.3
-2453.9
1218.6
-144.0
3493.8
1356.1
3049.1
-1468.2
-3191.4
-1262.9
155.6
1585.5
8367.7
67.6
-3226.8
-1025.9
-1449.1
1960.6
-5332.2
454.2
791.5
1065.4
-1925.4
-628.1
-4905.2
-1547.3
-1725.0
1734.6
-3935.0
3053.6
5627.2
-7227.9
1776.4
2681.4
-2058.1
-1190.9
-236.3
-830.1
-869.5
-5798.9
4403.2
4141.9
-2684.6
-5039.0
2130.3
-1824.7
765.0
-897.7
2749.2
2761.8
-2360.0
-4731.4
-5450.2
2461.5
-4026.9
-1566.0
-1887.7
74.4
-6718.6
946.9
2156.5
586.9
-852.3
621.3
1710.3
-9728.0
7327.5
1681.0
-2078.1
-1134.1
2057.8
-140.8
-7045.1
7726.1
-117.7
3961.5
-2213.0
5825.3
1317.8
2481.9
-3482.9
4656.3
2777.0
4985.4
-1974.3
-1442.9
8602.6
-3529.2
-195.3
4396.5
649.5
2400.6
-1141.7
1634.7
-4411.3
6282.4
-123.2
-2149.2
2708.5
-1355.7
-4505.3
-4549.2
2811.3
-265.5
-171.2
4199.1
-3751.2
-2321.4
-1073.2
656.3
164.9
-716.7
96.7
-67.0
-2274.4
-2610.2
1313.1
-2889.3
-3849.3
-800.4
-241.7
8467.4
-2212.7
3732.1
3025.9
-3956.2
3121.9
-3935.9
-9255.9
2522.8
-5996.0
1964.4
-2128.0
6325.6
4194.8
-1293.2
-2137.8
-4034.9
-1245.3
-665.2
-968.4
913.2
2435.6
1611.1
-2405.1
-4833.7
5274.5
-2132.7
-1997.6
-1523.8
-6290.5
-1365.9
-1371.0
2597.5
2880.1
375.6
3723.9
1590.2
308.4
946.4
-320.6
-1056.1
-596.6
-3698.4
1382.5
-3209.9
3408.5
-525.7
553.5
2157.1
2697.3
-5286.8
-367.2
3554.6
-5743.6
1778.8
-7752.2
-3303.9
524.3
-5589.3
-3167.5
-4920.5
6333.4
982.3
2437.1
-411.1
-881.7
-5436.2
-657.6
-2350.5
3491.3
4513.6
5688.6
3474.9
-1758.2
-3622.7
3168.1
1689.1
-5973.6
1688.1
3344.8
620.5
-258.4
-2503.0
-4806.3
3298.5
-701.9
-428.1
6664.5
2884.8
1754.5
930.4
5901.2
6622.1
3773.5
2521.9
-7131.7
870.2
-44.3
764.9
3828.3
-9453.3
-1624.4
1403.5
-1252.8
-4678.4
3567.1
1432.6
-3067.5
1571.5
3400.2
457.1
3326.4
722.3
-984.5
-3739.7
133.1
1144.8
3603.9
30.8
2096.8
-3031.1
-2373.7
51.9
-3352.8
3410.4
2123.4
1460.6
1677.3
7745.4
-1234.1
-7482.0
1177.8
277.5
-1405.6
-3068.4
-1121.0
1118.0
-1348.5
9167.1
-2997.3
-2392.6
-7785.4
1377.0
-6801.6
-1473.7
-521.3
-2085.8
6746.6
4062.5
5234.8
-2704.6
4549.5
2268.9
3263.3
4194.9
-2794.7
-1046.4
3596.2
-9092.1
5945.2
2483.0
324.2
1285.3
-3223.7
-770.2
4461.4
5175.6
10219.6
229.4
-1878.2
-1356.7
-3172.8
219.2
