10.0
11.8
13.2
14.2
14.8
15.0
14.9
14.6
14.1
13.4
12.7
11.9
11.3
10.7
10.3
10.0
10.0
10.2
10.5
11.0
11.6
12.4
13.1
13.8
14.4
14.8
15.0
14.9
14.5
13.6
12.4
10.8
8.8
6.3
3.6
0.5
-2.8
-6.2
-9.7
-13.2
-16.6
-19.8
-22.6
-25.1
-27.1
-28.7
-29.6
-30.0
-29.8
-29.0
-27.6
-25.7
-23.3
-20.5
-17.4
-14.1
-10.6
-7.1
-3.6
-0.3
2.9
5.7
8.2
10.3
12.1
13.4
14.3
14.8
15.0
14.9
14.5
14.0
13.3
12.5
11.8
11.2
10.6
10.2
10.0
10.0
10.2
10.6
11.1
11.8
12.5
13.2
13.9
14.5
14.9
15.0
14.8
14.3
13.5
12.2
10.5
8.4
5.9
3.1
-0.0
-3.3
-6.8
-10.3
-13.8
-17.1
-20.3
-23.1
-25.5
-27.4
-28.9
-29.7
-30.0
-29.7
-28.8
-27.3
-25.3
-22.8
-20.0
-16.9
-13.5
-10.0
-6.5
-3.0
0.3
3.3
6.1
8.6
10.6
12.3
13.6
14.4
14.9
15.0
14.8
14.4
13.8
13.2
12.4
11.7
11.1
10.5
10.2
10.0
10.0
10.3
10.7
11.2
11.9
12.6
13.3
14.0
14.5
14.9
15.0
14.8
14.2
13.3
11.9
10.2
8.0
5.5
2.6
-0.6
-3.9
-7.4
-10.9
-14.4
-17.7
-20.8
-23.5
-25.8
-27.7
-29.0
-29.8
-30.0
-29.6
-28.5
-27.0
-24.9
-22.4
-19.5
-16.3
-12.9
-9.4
-5.9
-2.5
0.8
3.8
6.6
9.0
11.0
12.5
13.7
14.5
14.9
15.0
14.8
14.3
13.7
13.0
12.3
11.6
11.0
10.5
10.1
10.0
10.1
10.3
10.7
11.3
12.0
12.7
13.5
14.1
14.6
14.9
15.0
14.7
14.1
13.1
11.7
9.8
7.6
5.0
2.1
-1.1
-4.5
-8.0
-11.5
-14.9
-18.2
-21.2
-23.9
-26.2
-28.0
-29.2
-29.9
-30.0
-29.4
-28.3
-26.7
-24.5
-21.9
-19.0
-15.7
-12.3
-8.8
-5.3
-1.9
1.3
4.3
7.0
9.3
11.3
12.8
13.9
14.6
15.0
15.0
14.7
14.2
13.6
12.9
12.2
11.5
10.9
10.4
10.1
10.0
10.1
10.4
10.8
11.4
12.1
12.9
13.6
14.2
14.7
15.0
15.0
14.6
14.0
12.9
11.4
9.5
7.2
4.5
1.6
-1.7
-5.1
-8.6
-12.1
-15.5
-18.7
-21.7
-24.3
-26.5
-28.2
-29.4
-29.9
-29.9
-29.3
-28.1
-26.3
-24.1
-21.4
-18.4
-15.2
-11.7
-8.2
-4.7
-1.3
1.9
4.8
7.4
9.7
11.5
13.0
14.0
14.7
15.0
14.9
14.7
14.1
13.5
12.8
12.1
11.4
10.8
10.3
10.1
10.0
10.1
10.4
10.9
11.5
12.2
13.0
13.7
14.3
14.8
15.0
14.9
14.5
13.8
12.6
11.1
9.1
6.8
4.0
1.0
-2.2
-5.7
-9.2
-12.7
-16.1
-19.3
-22.2
-24.7
-26.9
-28.5
-29.5
-30.0
-29.8
-29.1
-27.8
-26.0
-23.7
-21.0
-17.9
-14.6
-11.2
-7.6
-4.2
-0.8
2.4
5.3
7.8
10.0
11.8
13.2
14.2
14.8
15.0
14.9
14.6
14.0
13.4
12.7
11.9
11.3
10.7
10.3
10.0
10.0
10.2
10.5
11.0
11.7
12.4
13.1
13.8
14.4
14.8
15.0
14.9
14.4
13.6
12.4
10.8
8.7
6.3
3.6
0.5
-2.8
-6.2
-9.8
-13.2
-16.6
-19.8
-22.6
-25.1
-27.2
-28.7
-29.6
-30.0
-29.8
-28.9
-27.6
-25.6
-23.3
-20.5
-17.4
-14.0
-10.6
-7.0
-3.6
-0.2
2.9
5.7
8.2
10.3
12.1
13.4
14.3
14.8
15.0
14.9
14.5
13.9
13.3
12.5
11.8
11.2
10.6
10.2
10.0
10.0
10.2
10.6
11.1
11.8
12.5
13.2
13.9
14.5
14.9
15.0
14.8
14.3
13.5
12.2
10.5
8.4
5.9
3.1
-0.0
-3.4
-6.8
-10.3
-13.8
-17.2
-20.3
-23.1
-25.5
-27.5
-28.9
-29.7
-30.0
-29.7
-28.7
-27.3
-25.3
-22.8
-20.0
-16.8
-13.5
-10.0
-6.5
-3.0
0.3
