13.2
12.5
15.0
18.2
18.2
13.2
16.6
14.3
13.9
14.1
13.0
14.5
12.7
10.9
11.1
10.6
12.7
9.8
11.1
9.5
7.0
13.6
14.7
12.5
18.5
12.2
15.1
14.6
17.3
16.2
12.7
11.5
7.2
2.7
3.0
0.8
-0.6
-4.0
-10.4
-13.7
-18.5
-22.4
-25.7
-21.6
-28.0
-29.5
-31.9
-28.6
-32.7
-29.4
-29.2
-25.0
-24.2
-22.6
-17.5
-13.3
-10.5
-6.6
-4.7
-1.0
1.7
5.1
6.7
7.2
12.4
12.7
11.4
15.6
13.4
15.0
15.8
14.2
15.4
10.3
12.5
10.0
9.0
9.2
9.4
10.1
8.1
12.2
11.9
9.0
15.2
16.6
16.0
14.2
13.0
16.9
14.1
16.5
13.9
14.0
11.1
9.7
5.9
6.3
0.2
-2.6
-3.4
-12.7
-16.1
-15.4
-22.4
-19.6
-26.2
-28.7
-25.4
-27.0
-26.6
-28.1
-30.4
-23.9
-25.8
-21.4
-18.3
-17.2
-12.4
-8.3
-5.8
-5.0
0.8
5.7
4.8
8.3
9.8
15.6
14.8
15.1
13.5
16.0
13.6
14.5
12.7
14.4
13.4
11.3
11.8
8.5
7.5
10.8
10.3
11.4
15.0
12.9
10.3
14.6
10.9
13.2
14.4
18.0
13.7
13.3
14.0
12.1
13.9
8.3
5.9
4.7
1.7
2.9
-2.2
-7.2
-13.1
-12.9
-19.5
-23.6
-21.4
-25.2
-26.0
-28.4
-28.3
-31.2
-31.5
-27.3
-28.4
-26.1
-23.2
-19.5
-16.9
-15.4
-10.6
-9.9
-1.4
-2.1
1.8
6.7
7.7
13.8
10.2
14.2
14.4
12.8
15.9
14.5
15.7
15.2
16.9
14.7
10.9
10.6
12.5
11.3
11.2
7.2
10.3
9.4
11.8
11.8
14.3
14.1
15.5
13.8
13.2
14.3
14.7
14.8
17.2
11.6
8.1
7.0
4.2
3.0
-3.9
-4.4
-7.7
-11.1
-16.0
-18.6
-23.8
-24.8
-27.2
-27.2
-31.3
-28.5
-27.3
-33.1
-27.5
-25.5
-25.6
-22.6
-19.2
-16.2
-12.9
-11.8
-3.2
0.0
-0.2
1.7
7.9
8.3
11.6
12.2
15.1
15.9
13.7
12.5
11.8
15.3
11.5
12.0
11.1
11.4
7.4
10.7
11.0
10.2
9.5
10.6
11.5
6.4
15.6
13.6
12.4
13.5
15.6
14.8
11.3
18.3
13.8
14.7
10.2
12.3
7.7
5.6
-0.3
0.5
-3.9
-6.3
-13.2
-16.4
-14.5
-23.6
-24.5
-24.4
-28.0
-28.3
-30.6
-29.2
-31.7
-25.1
-26.5
-25.3
-20.2
-19.2
-17.6
-14.1
-6.9
-5.0
-1.5
3.8
2.8
6.1
9.0
11.7
12.9
13.5
14.6
14.8
13.6
13.2
14.6
11.9
10.7
11.5
11.1
14.9
9.0
11.8
11.3
8.0
11.8
8.8
6.7
13.3
9.8
14.5
13.1
17.8
16.9
14.1
13.3
11.6
11.8
10.6
8.4
7.1
5.0
1.6
-3.6
-8.3
-6.7
-13.9
-17.3
-20.2
-25.5
-25.6
-27.8
-27.4
-28.2
-30.0
-28.1
-28.5
-27.8
-25.7
-24.0
-21.7
-18.4
-16.6
-10.7
-9.4
-2.7
-1.2
2.5
6.2
9.0
7.2
11.4
14.8
11.1
15.5
10.9
13.1
14.7
11.0
11.6
10.0
14.9
11.6
11.7
9.9
9.4
7.1
9.7
9.1
12.5
13.8
15.0
14.6
12.7
12.4
16.2
15.6
11.7
15.0
15.1
12.5
10.5
7.2
3.7
5.0
-0.1
-3.2
-3.1
-8.6
-12.5
-16.3
-17.1
-19.5
-23.4
-26.2
-32.5
-29.4
-30.2
-29.6
-27.2
-32.5
-26.6
-22.8
-21.3
-20.0
-12.4
-10.1
-8.8
-3.0
1.3
2.9
7.1
8.3
9.6
10.0
13.2
14.7
16.4
14.8
15.7
12.8
12.5
13.1
10.6
13.3
12.0
11.1
10.8
13.6
9.2
6.2
11.0
11.0
10.9
10.7
12.4
14.2
13.6
19.3
13.3
13.4
10.2
14.0
8.6
9.5
7.9
4.6
6.2
1.8
-1.0
-8.4
-8.3
-12.9
-15.8
-18.4
-24.7
-26.3
-25.9
-33.7
-27.0
-29.0
-29.8
-28.3
-29.2
-25.9
-20.8
-17.7
-11.9
-13.6
-11.2
-7.4
-4.8
0.2
