[12.3, 4.9, 1.8, 1.3, 1.5, 0.7, 4.6, 2.5, 0.5, -0.7, 0.0, 0.0, 0.0, 0.0, 0.0, 0.0, 0.0, 0.0, 0.0, 0.0, 0.0, 0.0, 0.0, 0.0, 0.0, 0.0, 0.0, 0.0, 0.0, 0.0, 0.0, 0.0, 0.0, 0.0, 0.0, 0.0, 0.0, 0.0, 0.0, 0.0, 0.0, 0.0, 0.0, 0.0, 0.0, 0.0, 0.0, 0.0, 0.0, 0.0, 0.0]
[4.9, 12.3, 4.9, 1.8, 1.3, 1.5, 0.7, 4.6, 2.5, 0.5, -0.7, 0.0, 0.0, 0.0, 0.0, 0.0, 0.0, 0.0, 0.0, 0.0, 0.0, 0.0, 0.0, 0.0, 0.0, 0.0, 0.0, 0.0, 0.0, 0.0, 0.0, 0.0, 0.0, 0.0, 0.0, 0.0, 0.0, 0.0, 0.0, 0.0, 0.0, 0.0, 0.0, 0.0, 0.0, 0.0, 0.0, 0.0, 0.0, 0.0, 0.0]
[1.8, 4.9, 12.3, 4.9, 1.8, 1.3, 1.5, 0.7, 4.6, 2.5, 0.5, -0.7, 0.0, 0.0, 0.0, 0.0, 0.0, 0.0, 0.0, 0.0, 0.0, 0.0, 0.0, 0.0, 0.0, 0.0, 0.0, 0.0, 0.0, 0.0, 0.0, 0.0, 0.0, 0.0, 0.0, 0.0, 0.0, 0.0, 0.0, 0.0, 0.0, 0.0, 0.0, 0.0, 0.0, 0.0, 0.0, 0.0, 0.0, 0.0, 0.0]
[1.3, 1.8, 4.9, 12.3, 4.9, 1.8, 1.3, 1.5, 0.7, 4.6, 2.5, 0.5, -0.7, 0.0, 0.0, 0.0, 0.0, 0.0, 0.0, 0.0, 0.0, 0.0, 0.0, 0.0, 0.0, 0.0, 0.0, 0.0, 0.0, 0.0, 0.0, 0.0, 0.0, 0.0, 0.0, 0.0, 0.0, 0.0, 0.0, 0.0, 0.0, 0.0, 0.0, 0.0, 0.0, 0.0, 0.0, 0.0, 0.0, 0.0, 0.0]
[1.5, 1.3, 1.8, 4.9, 12.3, 4.9, 1.8, 1.3, 1.5, 0.7, 4.6, 2.5, 0.5, -0.7, 0.0, 0.0, 0.0, 0.0, 0.0, 0.0, 0.0, 0.0, 0.0, 0.0, 0.0, 0.0, 0.0, 0.0, 0.0, 0.0, 0.0, 0.0, 0.0, 0.0, 0.0, 0.0, 0.0, 0.0, 0.0, 0.0, 0.0, 0.0, 0.0, 0.0, 0.0, 0.0, 0.0, 0.0, 0.0, 0.0, 0.0]
[0.7, 1.5, 1.3, 1.8, 4.9, 12.3, 4.9, 1.8, 1.3, 1.5, 0.7, 4.6, 2.5, 0.5, -0.7, 0.0, 0.0, 0.0, 0.0, 0.0, 0.0, 0.0, 0.0, 0.0, 0.0, 0.0, 0.0, 0.0, 0.0, 0.0, 0.0, 0.0, 0.0, 0.0, 0.0, 0.0, 0.0, 0.0, 0.0, 0.0, 0.0, 0.0, 0.0, 0.0, 0.0, 0.0, 0.0, 0.0, 0.0, 0.0, 0.0]
[4.6, 0.7, 1.5, 1.3, 1.8, 4.9, 12.3, 4.9, 1.8, 1.3, 1.5, 0.7, 4.6, 2.5, 0.5, -0.7, 0.0, 0.0, 0.0, 0.0, 0.0, 0.0, 0.0, 0.0, 0.0, 0.0, 0.0, 0.0, 0.0, 0.0, 0.0, 0.0, 0.0, 0.0, 0.0, 0.0, 0.0, 0.0, 0.0, 0.0, 0.0, 0.0, 0.0, 0.0, 0.0, 0.0, 0.0, 0.0, 0.0, 0.0, 0.0]
[2.5, 4.6, 0.7, 1.5, 1.3, 1.8, 4.9, 12.3, 4.9, 1.8, 1.3, 1.5, 0.7, 4.6, 2.5, 0.5, -0.7, 0.0, 0.0, 0.0, 0.0, 0.0, 0.0, 0.0, 0.0, 0.0, 0.0, 0.0, 0.0, 0.0, 0.0, 0.0, 0.0, 0.0, 0.0, 0.0, 0.0, 0.0, 0.0, 0.0, 0.0, 0.0, 0.0, 0.0, 0.0, 0.0, 0.0, 0.0, 0.0, 0.0, 0.0]
[0.5, 2.5, 4.6, 0.7, 1.5, 1.3, 1.8, 4.9, 12.3, 4.9, 1.8, 1.3, 1.5, 0.7, 4.6, 2.5, 0.5, -0.7, 0.0, 0.0, 0.0, 0.0, 0.0, 0.0, 0.0, 0.0, 0.0, 0.0, 0.0, 0.0, 0.0, 0.0, 0.0, 0.0, 0.0, 0.0, 0.0, 0.0, 0.0, 0.0, 0.0, 0.0, 0.0, 0.0, 0.0, 0.0, 0.0, 0.0, 0.0, 0.0, 0.0]
[-0.7, 0.5, 2.5, 4.6, 0.7, 1.5, 1.3, 1.8, 4.9, 12.3, 4.9, 1.8, 1.3, 1.5, 0.7, 4.6, 2.5, 0.5, -0.7, 0.0, 0.0, 0.0, 0.0, 0.0, 0.0, 0.0, 0.0, 0.0, 0.0, 0.0, 0.0, 0.0, 0.0, 0.0, 0.0, 0.0, 0.0, 0.0, 0.0, 0.0, 0.0, 0.0, 0.0, 0.0, 0.0, 0.0, 0.0, 0.0, 0.0, 0.0, 0.0]
[0.0, -0.7, 0.5, 2.5, 4.6, 0.7, 1.5, 1.3, 1.8, 4.9, 12.3, 4.9, 1.8, 1.3, 1.5, 0.7, 4.6, 2.5, 0.5, -0.7, 0.0, 0.0, 0.0, 0.0, 0.0, 0.0, 0.0, 0.0, 0.0, 0.0, 0.0, 0.0, 0.0, 0.0, 0.0, 0.0, 0.0, 0.0, 0.0, 0.0, 0.0, 0.0, 0.0, 0.0, 0.0, 0.0, 0.0, 0.0, 0.0, 0.0, 0.0]
[0.0, 0.0, -0.7, 0.5, 2.5, 4.6, 0.7, 1.5, 1.3, 1.8, 4.9, 12.3, 4.9, 1.8, 1.3, 1.5, 0.7, 4.6, 2.5, 0.5, -0.7, 0.0, 0.0, 0.0, 0.0, 0.0, 0.0, 0.0, 0.0, 0.0, 0.0, 0.0, 0.0, 0.0, 0.0, 0.0, 0.0, 0.0, 0.0, 0.0, 0.0, 0.0, 0.0, 0.0, 0.0, 0.0, 0.0, 0.0, 0.0, 0.0, 0.0]
[0.0, 0.0, 0.0, -0.7, 0.5, 2.5, 4.6, 0.7, 1.5, 1.3, 1.8, 4.9, 12.3, 4.9, 1.8, 1.3, 1.5, 0.7, 4.6, 2.5, 0.5, -0.7, 0.0, 0.0, 0.0, 0.0, 0.0, 0.0, 0.0, 0.0, 0.0, 0.0, 0.0, 0.0, 0.0, 0.0, 0.0, 0.0, 0.0, 0.0, 0.0, 0.0, 0.0, 0.0, 0.0, 0.0, 0.0, 0.0, 0.0, 0.0, 0.0]
[0.0, 0.0, 0.0, 0.0, -0.7, 0.5, 2.5, 4.6, 0.7, 1.5, 1.3, 1.8, 4.9, 12.3, 4.9, 1.8, 1.3, 1.5, 0.7, 4.6, 2.5, 0.5, -0.7, 0.0, 0.0, 0.0, 0.0, 0.0, 0.0, 0.0, 0.0, 0.0, 0.0, 0.0, 0.0, 0.0, 0.0, 0.0, 0.0, 0.0, 0.0, 0.0, 0.0, 0.0, 0.0, 0.0, 0.0, 0.0, 0.0, 0.0, 0.0]
[0.0, 0.0, 0.0, 0.0, 0.0, -0.7, 0.5, 2.5, 4.6, 0.7, 1.5, 1.3, 1.8, 4.9, 12.3, 4.9, 1.8, 1.3, 1.5, 0.7, 4.6, 2.5, 0.5, -0.7, 0.0, 0.0, 0.0, 0.0, 0.0, 0.0, 0.0, 0.0, 0.0, 0.0, 0.0, 0.0, 0.0, 0.0, 0.0, 0.0, 0.0, 0.0, 0.0, 0.0, 0.0, 0.0, 0.0, 0.0, 0.0, 0.0, 0.0]
[0.0, 0.0, 0.0, 0.0, 0.0, 0.0, -0.7, 0.5, 2.5, 4.6, 0.7, 1.5, 1.3, 1.8, 4.9, 12.3, 4.9, 1.8, 1.3, 1.5, 0.7, 4.6, 2.5, 0.5, -0.7, 0.0, 0.0, 0.0, 0.0, 0.0, 0.0, 0.0, 0.0, 0.0, 0.0, 0.0, 0.0, 0.0, 0.0, 0.0, 0.0, 0.0, 0.0, 0.0, 0.0, 0.0, 0.0, 0.0, 0.0, 0.0, 0.0]
[0.0, 0.0, 0.0, 0.0, 0.0, 0.0, 0.0, -0.7, 0.5, 2.5, 4.6, 0.7, 1.5, 1.3, 1.8, 4.9, 12.3, 4.9, 1.8, 1.3, 1.5, 0.7, 4.6, 2.5, 0.5, -0.7, 0.0, 0.0, 0.0, 0.0, 0.0, 0.0, 0.0, 0.0, 0.0, 0.0, 0.0, 0.0, 0.0, 0.0, 0.0, 0.0, 0.0, 0.0, 0.0, 0.0, 0.0, 0.0, 0.0, 0.0, 0.0]
[0.0, 0.0, 0.0, 0.0, 0.0, 0.0, 0.0, 0.0, -0.7, 0.5, 2.5, 4.6, 0.7, 1.5, 1.3, 1.8, 4.9, 12.3, 4.9, 1.8, 1.3, 1.5, 0.7, 4.6, 2.5, 0.5, -0.7, 0.0, 0.0, 0.0, 0.0, 0.0, 0.0, 0.0, 0.0, 0.0, 0.0, 0.0, 0.0, 0.0, 0.0, 0.0, 0.0, 0.0, 0.0, 0.0, 0.0, 0.0, 0.0, 0.0, 0.0]
[0.0, 0.0, 0.0, 0.0, 0.0, 0.0, 0.0, 0.0, 0.0, -0.7, 0.5, 2.5, 4.6, 0.7, 1.5, 1.3, 1.8, 4.9, 12.3, 4.9, 1.8, 1.3, 1.5, 0.7, 4.6, 2.5, 0.5, -0.7, 0.0, 0.0, 0.0, 0.0, 0.0, 0.0, 0.0, 0.0, 0.0, 0.0, 0.0, 0.0, 0.0, 0.0, 0.0, 0.0, 0.0, 0.0, 0.0, 0.0, 0.0, 0.0, 0.0]
[0.0, 0.0, 0.0, 0.0, 0.0, 0.0, 0.0, 0.0, 0.0, 0.0, -0.7, 0.5, 2.5, 4.6, 0.7, 1.5, 1.3, 1.8, 4.9, 12.3, 4.9, 1.8, 1.3, 1.5, 0.7, 4.6, 2.5, 0.5, -0.7, 0.0, 0.0, 0.0, 0.0, 0.0, 0.0, 0.0, 0.0, 0.0, 0.0, 0.0, 0.0, 0.0, 0.0, 0.0, 0.0, 0.0, 0.0, 0.0, 0.0, 0.0, 0.0]
[0.0, 0.0, 0.0, 0.0, 0.0, 0.0, 0.0, 0.0, 0.0, 0.0, 0.0, -0.7, 0.5, 2.5, 4.6, 0.7, 1.5, 1.3, 1.8, 4.9, 12.3, 4.9, 1.8, 1.3, 1.5, 0.7, 4.6, 2.5, 0.5, -0.7, 0.0, 0.0, 0.0, 0.0, 0.0, 0.0, 0.0, 0.0, 0.0, 0.0, 0.0, 0.0, 0.0, 0.0, 0.0, 0.0, 0.0, 0.0, 0.0, 0.0, 0.0]
[0.0, 0.0, 0.0, 0.0, 0.0, 0.0, 0.0, 0.0, 0.0, 0.0, 0.0, 0.0, -0.7, 0.5, 2.5, 4.6, 0.7, 1.5, 1.3, 1.8, 4.9, 12.3, 4.9, 1.8, 1.3, 1.5, 0.7, 4.6, 2.5, 0.5, -0.7, 0.0, 0.0, 0.0, 0.0, 0.0, 0.0, 0.0, 0.0, 0.0, 0.0, 0.0, 0.0, 0.0, 0.0, 0.0, 0.0, 0.0, 0.0, 0.0, 0.0]
[0.0, 0.0, 0.0, 0.0, 0.0, 0.0, 0.0, 0.0, 0.0, 0.0, 0.0, 0.0, 0.0, -0.7, 0.5, 2.5, 4.6, 0.7, 1.5, 1.3, 1.8, 4.9, 12.3, 4.9, 1.8, 1.3, 1.5, 0.7, 4.6, 2.5, 0.5, -0.7, 0.0, 0.0, 0.0, 0.0, 0.0, 0.0, 0.0, 0.0, 0.0, 0.0, 0.0, 0.0, 0.0, 0.0, 0.0, 0.0, 0.0, 0.0, 0.0]
[0.0, 0.0, 0.0, 0.0, 0.0, 0.0, 0.0, 0.0, 0.0, 0.0, 0.0, 0.0, 0.0, 0.0, -0.7, 0.5, 2.5, 4.6, 0.7, 1.5, 1.3, 1.8, 4.9, 12.3, 4.9, 1.8, 1.3, 1.5, 0.7, 4.6, 2.5, 0.5, -0.7, 0.0, 0.0, 0.0, 0.0, 0.0, 0.0, 0.0, 0.0, 0.0, 0.0, 0.0, 0.0, 0.0, 0.0, 0.0, 0.0, 0.0, 0.0]
[0.0, 0.0, 0.0, 0.0, 0.0, 0.0, 0.0, 0.0, 0.0, 0.0, 0.0, 0.0, 0.0, 0.0, 0.0, -0.7, 0.5, 2.5, 4.6, 0.7, 1.5, 1.3, 1.8, 4.9, 12.3, 4.9, 1.8, 1.3, 1.5, 0.7, 4.6, 2.5, 0.5, -0.7, 0.0, 0.0, 0.0, 0.0, 0.0, 0.0, 0.0, 0.0, 0.0, 0.0, 0.0, 0.0, 0.0, 0.0, 0.0, 0.0, 0.0]
[0.0, 0.0, 0.0, 0.0, 0.0, 0.0, 0.0, 0.0, 0.0, 0.0, 0.0, 0.0, 0.0, 0.0, 0.0, 0.0, -0.7, 0.5, 2.5, 4.6, 0.7, 1.5, 1.3, 1.8, 4.9, 12.3, 4.9, 1.8, 1.3, 1.5, 0.7, 4.6, 2.5, 0.5, -0.7, 0.0, 0.0, 0.0, 0.0, 0.0, 0.0, 0.0, 0.0, 0.0, 0.0, 0.0, 0.0, 0.0, 0.0, 0.0, 0.0]
[0.0, 0.0, 0.0, 0.0, 0.0, 0.0, 0.0, 0.0, 0.0, 0.0, 0.0, 0.0, 0.0, 0.0, 0.0, 0.0, 0.0, -0.7, 0.5, 2.5, 4.6, 0.7, 1.5, 1.3, 1.8, 4.9, 12.3, 4.9, 1.8, 1.3, 1.5, 0.7, 4.6, 2.5, 0.5, -0.7, 0.0, 0.0, 0.0, 0.0, 0.0, 0.0, 0.0, 0.0, 0.0, 0.0, 0.0, 0.0, 0.0, 0.0, 0.0]
[0.0, 0.0, 0.0, 0.0, 0.0, 0.0, 0.0, 0.0, 0.0, 0.0, 0.0, 0.0, 0.0, 0.0, 0.0, 0.0, 0.0, 0.0, -0.7, 0.5, 2.5, 4.6, 0.7, 1.5, 1.3, 1.8, 4.9, 12.3, 4.9, 1.8, 1.3, 1.5, 0.7, 4.6, 2.5, 0.5, -0.7, 0.0, 0.0, 0.0, 0.0, 0.0, 0.0, 0.0, 0.0, 0.0, 0.0, 0.0, 0.0, 0.0, 0.0]
[0.0, 0.0, 0.0, 0.0, 0.0, 0.0, 0.0, 0.0, 0.0, 0.0, 0.0, 0.0, 0.0, 0.0, 0.0, 0.0, 0.0, 0.0, 0.0, -0.7, 0.5, 2.5, 4.6, 0.7, 1.5, 1.3, 1.8, 4.9, 12.3, 4.9, 1.8, 1.3, 1.5, 0.7, 4.6, 2.5, 0.5, -0.7, 0.0, 0.0, 0.0, 0.0, 0.0, 0.0, 0.0, 0.0, 0.0, 0.0, 0.0, 0.0, 0.0]
[0.0, 0.0, 0.0, 0.0, 0.0, 0.0, 0.0, 0.0, 0.0, 0.0, 0.0, 0.0, 0.0, 0.0, 0.0, 0.0, 0.0, 0.0, 0.0, 0.0, -0.7, 0.5, 2.5, 4.6, 0.7, 1.5, 1.3, 1.8, 4.9, 12.3, 4.9, 1.8, 1.3, 1.5, 0.7, 4.6, 2.5, 0.5, -0.7, 0.0, 0.0, 0.0, 0.0, 0.0, 0.0, 0.0, 0.0, 0.0, 0.0, 0.0, 0.0]
[0.0, 0.0, 0.0, 0.0, 0.0, 0.0, 0.0, 0.0, 0.0, 0.0, 0.0, 0.0, 0.0, 0.0, 0.0, 0.0, 0.0, 0.0, 0.0, 0.0, 0.0, -0.7, 0.5, 2.5, 4.6, 0.7, 1.5, 1.3, 1.8, 4.9, 12.3, 4.9, 1.8, 1.3, 1.5, 0.7, 4.6, 2.5, 0.5, -0.7, 0.0, 0.0, 0.0, 0.0, 0.0, 0.0, 0.0, 0.0, 0.0, 0.0, 0.0]
[0.0, 0.0, 0.0, 0.0, 0.0, 0.0, 0.0, 0.0, 0.0, 0.0, 0.0, 0.0, 0.0, 0.0, 0.0, 0.0, 0.0, 0.0, 0.0, 0.0, 0.0, 0.0, -0.7, 0.5, 2.5, 4.6, 0.7, 1.5, 1.3, 1.8, 4.9, 12.3, 4.9, 1.8, 1.3, 1.5, 0.7, 4.6, 2.5, 0.5, -0.7, 0.0, 0.0, 0.0, 0.0, 0.0, 0.0, 0.0, 0.0, 0.0, 0.0]
[0.0, 0.0, 0.0, 0.0, 0.0, 0.0, 0.0, 0.0, 0.0, 0.0, 0.0, 0.0, 0.0, 0.0, 0.0, 0.0, 0.0, 0.0, 0.0, 0.0, 0.0, 0.0, 0.0, -0.7, 0.5, 2.5, 4.6, 0.7, 1.5, 1.3, 1.8, 4.9, 12.3, 4.9, 1.8, 1.3, 1.5, 0.7, 4.6, 2.5, 0.5, -0.7, 0.0, 0.0, 0.0, 0.0, 0.0, 0.0, 0.0, 0.0, 0.0]
[0.0, 0.0, 0.0, 0.0, 0.0, 0.0, 0.0, 0.0, 0.0, 0.0, 0.0, 0.0, 0.0, 0.0, 0.0, 0.0, 0.0, 0.0, 0.0, 0.0, 0.0, 0.0, 0.0, 0.0, -0.7, 0.5, 2.5, 4.6, 0.7, 1.5, 1.3, 1.8, 4.9, 12.3, 4.9, 1.8, 1.3, 1.5, 0.7, 4.6, 2.5, 0.5, -0.7, 0.0, 0.0, 0.0, 0.0, 0.0, 0.0, 0.0, 0.0]
[0.0, 0.0, 0.0, 0.0, 0.0, 0.0, 0.0, 0.0, 0.0, 0.0, 0.0, 0.0, 0.0, 0.0, 0.0, 0.0, 0.0, 0.0, 0.0, 0.0, 0.0, 0.0, 0.0, 0.0, 0.0, -0.7, 0.5, 2.5, 4.6, 0.7, 1.5, 1.3, 1.8, 4.9, 12.3, 4.9, 1.8, 1.3, 1.5, 0.7, 4.6, 2.5, 0.5, -0.7, 0.0, 0.0, 0.0, 0.0, 0.0, 0.0, 0.0]
[0.0, 0.0, 0.0, 0.0, 0.0, 0.0, 0.0, 0.0, 0.0, 0.0, 0.0, 0.0, 0.0, 0.0, 0.0, 0.0, 0.0, 0.0, 0.0, 0.0, 0.0, 0.0, 0.0, 0.0, 0.0, 0.0, -0.7, 0.5, 2.5, 4.6, 0.7, 1.5, 1.3, 1.8, 4.9, 12.3, 4.9, 1.8, 1.3, 1.5, 0.7, 4.6, 2.5, 0.5, -0.7, 0.0, 0.0, 0.0, 0.0, 0.0, 0.0]
[0.0, 0.0, 0.0, 0.0, 0.0, 0.0, 0.0, 0.0, 0.0, 0.0, 0.0, 0.0, 0.0, 0.0, 0.0, 0.0, 0.0, 0.0, 0.0, 0.0, 0.0, 0.0, 0.0, 0.0, 0.0, 0.0, 0.0, -0.7, 0.5, 2.5, 4.6, 0.7, 1.5, 1.3, 1.8, 4.9, 12.3, 4.9, 1.8, 1.3, 1.5, 0.7, 4.6, 2.5, 0.5, -0.7, 0.0, 0.0, 0.0, 0.0, 0.0]
[0.0, 0.0, 0.0, 0.0, 0.0, 0.0, 0.0, 0.0, 0.0, 0.0, 0.0, 0.0, 0.0, 0.0, 0.0, 0.0, 0.0, 0.0, 0.0, 0.0, 0.0, 0.0, 0.0, 0.0, 0.0, 0.0, 0.0, 0.0, -0.7, 0.5, 2.5, 4.6, 0.7, 1.5, 1.3, 1.8, 4.9, 12.3, 4.9, 1.8, 1.3, 1.5, 0.7, 4.6, 2.5, 0.5, -0.7, 0.0, 0.0, 0.0, 0.0]
[0.0, 0.0, 0.0, 0.0, 0.0, 0.0, 0.0, 0.0, 0.0, 0.0, 0.0, 0.0, 0.0, 0.0, 0.0, 0.0, 0.0, 0.0, 0.0, 0.0, 0.0, 0.0, 0.0, 0.0, 0.0, 0.0, 0.0, 0.0, 0.0, -0.7, 0.5, 2.5, 4.6, 0.7, 1.5, 1.3, 1.8, 4.9, 12.3, 4.9, 1.8, 1.3, 1.5, 0.7, 4.6, 2.5, 0.5, -0.7, 0.0, 0.0, 0.0]
[0.0, 0.0, 0.0, 0.0, 0.0, 0.0, 0.0, 0.0, 0.0, 0.0, 0.0, 0.0, 0.0, 0.0, 0.0, 0.0, 0.0, 0.0, 0.0, 0.0, 0.0, 0.0, 0.0, 0.0, 0.0, 0.0, 0.0, 0.0, 0.0, 0.0, -0.7, 0.5, 2.5, 4.6, 0.7, 1.5, 1.3, 1.8, 4.9, 12.3, 4.9, 1.8, 1.3, 1.5, 0.7, 4.6, 2.5, 0.5, -0.7, 0.0, 0.0]
[0.0, 0.0, 0.0, 0.0, 0.0, 0.0, 0.0, 0.0, 0.0, 0.0, 0.0, 0.0, 0.0, 0.0, 0.0, 0.0, 0.0, 0.0, 0.0, 0.0, 0.0, 0.0, 0.0, 0.0, 0.0, 0.0, 0.0, 0.0, 0.0, 0.0, 0.0, -0.7, 0.5, 2.5, 4.6, 0.7, 1.5, 1.3, 1.8, 4.9, 12.3, 4.9, 1.8, 1.3, 1.5, 0.7, 4.6, 2.5, 0.5, -0.7, 0.0]
[0.0, 0.0, 0.0, 0.0, 0.0, 0.0, 0.0, 0.0, 0.0, 0.0, 0.0, 0.0, 0.0, 0.0, 0.0, 0.0, 0.0, 0.0, 0.0, 0.0, 0.0, 0.0, 0.0, 0.0, 0.0, 0.0, 0.0, 0.0, 0.0, 0.0, 0.0, 0.0, -0.7, 0.5, 2.5, 4.6, 0.7, 1.5, 1.3, 1.8, 4.9, 12.3, 4.9, 1.8, 1.3, 1.5, 0.7, 4.6, 2.5, 0.5, -0.7]
[0.0, 0.0, 0.0, 0.0, 0.0, 0.0, 0.0, 0.0, 0.0, 0.0, 0.0, 0.0, 0.0, 0.0, 0.0, 0.0, 0.0, 0.0, 0.0, 0.0, 0.0, 0.0, 0.0, 0.0, 0.0, 0.0, 0.0, 0.0, 0.0, 0.0, 0.0, 0.0, 0.0, -0.7, 0.5, 2.5, 4.6, 0.7, 1.5, 1.3, 1.8, 4.9, 12.3, 4.9, 1.8, 1.3, 1.5, 0.7, 4.6, 2.5, 0.5]
[0.0, 0.0, 0.0, 0.0, 0.0, 0.0, 0.0, 0.0, 0.0, 0.0, 0.0, 0.0, 0.0, 0.0, 0.0, 0.0, 0.0, 0.0, 0.0, 0.0, 0.0, 0.0, 0.0, 0.0, 0.0, 0.0, 0.0, 0.0, 0.0, 0.0, 0.0, 0.0, 0.0, 0.0, -0.7, 0.5, 2.5, 4.6, 0.7, 1.5, 1.3, 1.8, 4.9, 12.3, 4.9, 1.8, 1.3, 1.5, 0.7, 4.6, 2.5]
[0.0, 0.0, 0.0, 0.0, 0.0, 0.0, 0.0, 0.0, 0.0, 0.0, 0.0, 0.0, 0.0, 0.0, 0.0, 0.0, 0.0, 0.0, 0.0, 0.0, 0.0, 0.0, 0.0, 0.0, 0.0, 0.0, 0.0, 0.0, 0.0, 0.0, 0.0, 0.0, 0.0, 0.0, 0.0, -0.7, 0.5, 2.5, 4.6, 0.7, 1.5, 1.3, 1.8, 4.9, 12.3, 4.9, 1.8, 1.3, 1.5, 0.7, 4.6]
[0.0, 0.0, 0.0, 0.0, 0.0, 0.0, 0.0, 0.0, 0.0, 0.0, 0.0, 0.0, 0.0, 0.0, 0.0, 0.0, 0.0, 0.0, 0.0, 0.0, 0.0, 0.0, 0.0, 0.0, 0.0, 0.0, 0.0, 0.0, 0.0, 0.0, 0.0, 0.0, 0.0, 0.0, 0.0, 0.0, -0.7, 0.5, 2.5, 4.6, 0.7, 1.5, 1.3, 1.8, 4.9, 12.3, 4.9, 1.8, 1.3, 1.5, 0.7]
[0.0, 0.0, 0.0, 0.0, 0.0, 0.0, 0.0, 0.0, 0.0, 0.0, 0.0, 0.0, 0.0, 0.0, 0.0, 0.0, 0.0, 0.0, 0.0, 0.0, 0.0, 0.0, 0.0, 0.0, 0.0, 0.0, 0.0, 0.0, 0.0, 0.0, 0.0, 0.0, 0.0, 0.0, 0.0, 0.0, 0.0, -0.7, 0.5, 2.5, 4.6, 0.7, 1.5, 1.3, 1.8, 4.9, 12.3, 4.9, 1.8, 1.3, 1.5]
[0.0, 0.0, 0.0, 0.0, 0.0, 0.0, 0.0, 0.0, 0.0, 0.0, 0.0, 0.0, 0.0, 0.0, 0.0, 0.0, 0.0, 0.0, 0.0, 0.0, 0.0, 0.0, 0.0, 0.0, 0.0, 0.0, 0.0, 0.0, 0.0, 0.0, 0.0, 0.0, 0.0, 0.0, 0.0, 0.0, 0.0, 0.0, -0.7, 0.5, 2.5, 4.6, 0.7, 1.5, 1.3, 1.8, 4.9, 12.3, 4.9, 1.8, 1.3]
[0.0, 0.0, 0.0, 0.0, 0.0, 0.0, 0.0, 0.0, 0.0, 0.0, 0.0, 0.0, 0.0, 0.0, 0.0, 0.0, 0.0, 0.0, 0.0, 0.0, 0.0, 0.0, 0.0, 0.0, 0.0, 0.0, 0.0, 0.0, 0.0, 0.0, 0.0, 0.0, 0.0, 0.0, 0.0, 0.0, 0.0, 0.0, 0.0, -0.7, 0.5, 2.5, 4.6, 0.7, 1.5, 1.3, 1.8, 4.9, 12.3, 4.9, 1.8]
[0.0, 0.0, 0.0, 0.0, 0.0, 0.0, 0.0, 0.0, 0.0, 0.0, 0.0, 0.0, 0.0, 0.0, 0.0, 0.0, 0.0, 0.0, 0.0, 0.0, 0.0, 0.0, 0.0, 0.0, 0.0, 0.0, 0.0, 0.0, 0.0, 0.0, 0.0, 0.0, 0.0, 0.0, 0.0, 0.0, 0.0, 0.0, 0.0, 0.0, -0.7, 0.5, 2.5, 4.6, 0.7, 1.5, 1.3, 1.8, 4.9, 12.3, 4.9]
[0.0, 0.0, 0.0, 0.0, 0.0, 0.0, 0.0, 0.0, 0.0, 0.0, 0.0, 0.0, 0.0, 0.0, 0.0, 0.0, 0.0, 0.0, 0.0, 0.0, 0.0, 0.0, 0.0, 0.0, 0.0, 0.0, 0.0, 0.0, 0.0, 0.0, 0.0, 0.0, 0.0, 0.0, 0.0, 0.0, 0.0, 0.0, 0.0, 0.0, 0.0, -0.7, 0.5, 2.5, 4.6, 0.7, 1.5, 1.3, 1.8, 4.9, 12.3]
