6.872697
10.981422
14.170166
17.151679
18.985675
17.054805
17.228588
15.546606
14.171862
13.524250
12.557884
12.773529
12.460401
11.174225
10.419235
10.031841
10.898085
10.024459
10.001068
9.285553
7.801347
10.223304
12.600748
12.642929
15.487601
14.184925
14.573554
14.695206
15.955671
15.772042
14.039990
11.915340
8.827648
4.782634
2.451048
0.267654
-1.529947
-3.960977
-8.451439
-12.571696
-16.845999
-21.135959
-25.112789
-24.809365
-27.217617
-29.099546
-31.154774
-30.064703
-31.091523
-29.955648
-29.347443
-26.404589
-24.019572
-21.884862
-18.404233
-13.984217
-10.190725
-6.473348
-3.712693
-0.558720
2.449056
5.442619
7.472151
8.548271
11.445201
13.215952
13.140857
14.739900
14.537204
14.946682
15.506525
14.805809
14.732996
12.302407
11.664862
10.209602
8.975411
8.174044
8.159457
8.563475
8.046068
9.774551
10.817482
9.997786
12.379695
14.811910
15.810480
15.150233
13.863541
15.066274
14.792743
15.328173
14.032752
13.508680
11.823420
10.228297
7.076947
5.597382
1.787029
-1.830533
-4.125053
-9.735051
-14.783404
-16.846720
-20.997139
-21.757728
-24.930913
-27.987162
-27.495004
-27.080861
-26.902404
-27.307050
-28.683461
-25.953968
-24.661421
-22.145042
-19.195696
-16.719281
-13.062051
-8.677751
-5.360318
-3.438319
0.304604
4.730907
6.657631
8.793518
10.404404
14.173311
15.840128
16.302489
15.077172
15.737971
14.854922
14.495391
13.025877
13.114593
12.863656
11.720527
11.067913
9.207209
7.608782
8.492059
9.032123
9.833652
12.292025
12.782516
11.576580
13.013971
11.990616
12.313327
13.124256
15.423143
14.571939
13.832102
13.461179
12.579382
12.873161
10.035285
6.806926
4.591208
2.278018
1.453734
-1.345062
-5.638916
-10.936266
-13.349848
-17.741843
-22.220840
-23.574932
-25.425700
-26.452322
-27.897942
-28.499330
-29.961236
-30.579394
-28.874936
-28.031129
-26.344847
-23.829465
-20.319163
-16.934047
-14.336329
-10.906911
-8.619713
-3.178099
-0.645140
2.224022
5.972542
8.676052
12.722482
12.992429
14.368119
15.093997
14.658284
15.288435
15.027098
15.136931
15.015327
15.822666
14.994234
12.599178
10.749021
10.896464
10.624295
10.299695
7.963598
8.300584
8.598847
10.095982
10.702656
12.398440
13.334401
14.735214
14.431704
13.723512
13.747919
14.043511
14.147545
15.376582
13.245632
9.980494
7.553135
4.945975
2.804447
-1.880240
-4.977232
-7.823493
-10.579379
-14.699113
-18.158878
-22.470610
-24.917378
-27.146428
-28.110415
-30.360506
-29.863773
-28.490047
-30.283638
-28.726560
-26.345604
-24.846071
-22.624626
-19.609146
-16.501581
-12.800825
-10.482755
-5.282278
-0.446498
1.825843
3.249241
7.024373
9.326316
11.911537
13.006877
14.727195
16.168644
15.686561
14.052695
12.623248
13.651470
12.374931
11.564259
10.571931
10.534953
8.553037
9.023448
9.474490
9.588986
9.201240
9.553386
10.333018
8.354006
11.574978
12.720012
12.728904
12.921261
14.303194
14.632220
13.108286
15.203409
14.357135
14.391709
11.819358
11.318664
8.815982
6.529639
1.718738
-0.433287
-3.429858
-6.103445
-11.220202
-15.556696
-16.539563
-20.977795
-24.241858
-25.675292
-27.545817
-28.509727
-29.830769
-29.919066
-30.663192
-27.402492
-26.167815
-24.777255
-21.467337
-18.717120
-16.622591
-13.787829
-8.724118
-4.879920
-1.141728
3.102612
4.862755
7.105306
9.506730
11.810087
13.357718
14.276927
14.880923
15.314866
14.771964
13.847989
13.900075
12.597635
11.093235
10.589933
10.307431
12.226385
10.449408
10.472301
10.496094
9.131287
9.917860
9.099111
7.251441
9.745143
9.900074
12.005713
12.735082
15.435543
16.509684
15.800268
14.179748
12.505263
11.613538
10.476121
8.565659
6.732776
5.016307
2.433518
-1.706157
-6.504558
-8.213592
-12.277757
-16.358580
-20.002332
-24.170930
-26.213166
-27.863454
-28.499338
-28.823789
-29.423694
-28.724234
-28.044740
-27.260349
-25.771628
-23.929180
-21.724773
-18.687265
-16.146510
-11.847667
-8.719150
-3.857036
-0.534454
2.910302
6.299916
9.488429
9.778059
11.581414
14.128608
13.517878
14.823798
13.074600
12.903196
13.754120
12.385269
11.247485
10.135928
12.050706
11.745361
11.460627
10.019850
9.305038
7.756257
8.219890
8.111413
9.935398
11.879292
13.676889
14.388142
13.791006
12.989076
14.463443
15.065248
13.078683
13.347974
13.938462
13.133563
11.359168
8.387406
4.889192
3.946981
0.945074
-2.596145
-4.300455
-7.514723
-11.271589
-15.125250
-17.538873
-19.661248
-22.435596
-25.514067
-30.078502
-30.668302
-30.756558
-30.271988
-28.730878
-30.113801
-27.939280
-24.085016
-21.061745
-19.229528
-14.318961
-10.287785
-7.302122
-3.256309
0.894482
3.904336
7.361411
9.382370
10.743986
11.514346
13.166296
14.546367
16.080431
15.793349
15.804178
14.282876
13.136534
12.610369
11.045613
11.393690
11.231365
10.703317
10.251541
11.647511
10.208788
7.683980
8.526484
9.516894
10.117281
10.140352
10.924052
12.605459
13.573434
16.555206
15.137678
14.084678
11.735453
12.417488
10.020425
8.982113
7.327210
5.169992
4.858881
2.737349
-0.182936
-5.544604
-8.380752
-12.047944
-15.220683
-18.396060
-22.993976
-26.134593
-26.985736
-31.059491
-30.018108
-29.611759
-29.531896
-28.638416
-28.172854
-26.405754
-22.255971
-18.398624
-13.564807
-11.555975
-9.689969
-6.846153
-3.947880
-0.339430
